4.007999692672497893e+00 3.654999924392999588e+00
3.970999940176206167e+00 3.652999975396996390e+00
4.020999778788658219e+00 3.661000049809102652e+00
3.979000014588311984e+00 3.661999885093057294e+00
4.038000041324918854e+00 3.668999845793115000e+00
4.093999726925380500e+00 3.673999857497169508e+00
4.028999574772671011e+00 3.669999959505163556e+00
4.117000114877743755e+00 3.678999869201224016e+00
4.050000013729031068e+00 3.674999971209218064e+00
3.989000037996421444e+00 3.670999794789118198e+00
3.940999869951878676e+00 3.668000010509160358e+00
4.014999653372555599e+00 3.676000084921266176e+00
4.012999982804645427e+00 3.676999920205221262e+00
3.918999874139657003e+00 3.670999794789118198e+00
4.056000139145133687e+00 3.681999931909275769e+00
4.045999837308930758e+00 3.681999931909275769e+00
4.088999993649419018e+00 3.684999716189233609e+00
3.979999849872266626e+00 3.677999755489175904e+00
4.106999813041540826e+00 3.686999943613330277e+00
3.889999917627378068e+00 3.671999908501166310e+00
4.176999976898304823e+00 3.693999904313387983e+00
3.999000061404530459e+00 3.684999716189233609e+00
3.874000047231259458e+00 3.679999982913272571e+00
4.014999653372555599e+00 3.690000006321381587e+00
4.041999660888831336e+00 3.691999955317384785e+00
4.177999812182259909e+00 3.703999927721496999e+00
4.034999700188773630e+00 3.693999904313387983e+00
4.168000067202243919e+00 3.703999927721496999e+00
4.140999781257875156e+00 3.703000092437542357e+00
4.118999785445653039e+00 3.701999700297400331e+00
3.859999847403050577e+00 3.683999880905278967e+00
3.899999941035487083e+00 3.686999943613330277e+00
3.868999757099111036e+00 3.686999943613330277e+00
4.184999772882317615e+00 3.710000053137600062e+00
3.893999815619384020e+00 3.690000006321381587e+00
4.077000021245306804e+00 3.703999927721496999e+00
3.952999842355990889e+00 3.694999739597342625e+00
4.095999954349476724e+00 3.707999825713503395e+00
4.149999969382029086e+00 3.711999723705509791e+00
4.117000114877743755e+00 3.708999939425551506e+00
4.225999701798708763e+00 3.717999849121612410e+00
3.852999886702992871e+00 3.691999955317384785e+00
4.120999734441656237e+00 3.711999723705509791e+00
3.967999877468154413e+00 3.700999865013445689e+00
4.210999945114639154e+00 3.718999962833660966e+00
4.056000139145133687e+00 3.708999939425551506e+00
4.117000114877743755e+00 3.712999837417557902e+00
3.906999901735544789e+00 3.698999916017442491e+00
3.962999865764099905e+00 3.703999927721496999e+00
3.943000097375975344e+00 3.703999927721496999e+00
3.891000031339426179e+00 3.700000029729491047e+00
3.913000027151647853e+00 3.703000092437542357e+00
4.105999977757586628e+00 3.717000013837657768e+00
3.933999909251820970e+00 3.705999876717500197e+00
4.111999824745595333e+00 3.719999798117615608e+00
3.974000002884257476e+00 3.710999888421554704e+00
4.035999535472728716e+00 3.715999900125609212e+00
4.230999713502763271e+00 3.730999935237773180e+00
3.920999823135660201e+00 3.708999939425551506e+00
4.122000126581798263e+00 3.723999974537715474e+00
4.070999895829204185e+00 3.720999911829664164e+00
4.072999844825207383e+00 3.722999860825666918e+00
4.051000127441079179e+00 3.721999747113618806e+00
4.195999910002474742e+00 3.732999884233776378e+00
4.190000063014466036e+00 3.732999884233776378e+00
3.924999721127666596e+00 3.715999900125609212e+00
4.144999957677974578e+00 3.730999935237773180e+00
3.980999963584315182e+00 3.719999798117615608e+00
3.986999810572324332e+00 3.720999911829664164e+00
3.816999691062562317e+00 3.710000053137600062e+00
4.084999817229319596e+00 3.728999986241769982e+00
3.879999894219268608e+00 3.714999786413561100e+00
4.254000101455127414e+00 3.740999958645882195e+00
4.114999609025553617e+00 3.732999884233776378e+00
4.234999889922863581e+00 3.742000072357930751e+00
3.843999977006931967e+00 3.713999951129606458e+00
4.099999852341483120e+00 3.733999997945824489e+00
4.090999942645422216e+00 3.734999833229779576e+00
4.138999832261871958e+00 3.739000009649878997e+00
3.857999898407047379e+00 3.719999798117615608e+00
3.874999882515214100e+00 3.720999911829664164e+00
4.080999640809219287e+00 3.735999946941827687e+00
4.176999976898304823e+00 3.743999742925840035e+00
3.972999889172208920e+00 3.730999935237773180e+00
4.206999768694538844e+00 3.749000033057988457e+00
4.191999733582375320e+00 3.749000033057988457e+00
3.982000077296363738e+00 3.734999833229779576e+00
4.126999859857759745e+00 3.745999970349936703e+00
3.833999953598822508e+00 3.727000037245766784e+00
4.131999871561814253e+00 3.746999805633891789e+00
4.138999832261871958e+00 3.747999919345939901e+00
3.906999901735544789e+00 3.732000048949821291e+00
4.171999686766157289e+00 3.750999703625897741e+00
4.232999662498766469e+00 3.755999993758046163e+00
3.914999976147650607e+00 3.733999997945824489e+00
3.989999873280376086e+00 3.739999844933834083e+00
4.143000008681971380e+00 3.750999703625897741e+00
3.971999775460160809e+00 3.739999844933834083e+00
3.955999905064042199e+00 3.739000009649878997e+00
4.163000055498189411e+00 3.753999766333949495e+00
4.274000148271345445e+00 3.762000119174148782e+00
4.137999996977916872e+00 3.752999931049994409e+00
4.145999792961929664e+00 3.755999993758046163e+00
4.124999910861756547e+00 3.753999766333949495e+00
4.013999818088600513e+00 3.746999805633891789e+00
3.803999883374495017e+00 3.732999884233776378e+00
4.236999838918866779e+00 3.764999903454107066e+00
4.132999706845768451e+00 3.757999664325955447e+00
4.085999930941367708e+00 3.754999880045997607e+00
4.205999654982490732e+00 3.763999789742058510e+00
4.124999910861756547e+00 3.757999664325955447e+00
4.020999778788658219e+00 3.752000095766039767e+00
4.263999846435142516e+00 3.770999750442116216e+00
4.238999787914869977e+00 3.769000079874206488e+00
4.110999989461641135e+00 3.760999727034007201e+00
4.274000148271345445e+00 3.773999813150167526e+00
3.934999744535775612e+00 3.749999868341943099e+00
4.100999687625438206e+00 3.760999727034007201e+00
4.067999833121152875e+00 3.759999891750052115e+00
3.920999823135660201e+00 3.749999868341943099e+00
4.183000102314408331e+00 3.769000079874206488e+00
4.175000027902301625e+00 3.769000079874206488e+00
4.025999790492712727e+00 3.757999664325955447e+00
4.268999858139197023e+00 3.776000040574264194e+00
4.156999930082086792e+00 3.769000079874206488e+00
3.811000122502646636e+00 3.745999970349936703e+00
4.238999787914869977e+00 3.776000040574264194e+00
3.984999861576321578e+00 3.760999727034007201e+00
3.811000122502646636e+00 3.749000033057988457e+00
4.088999993649419018e+00 3.769000079874206488e+00
4.274999983555300531e+00 3.783000001274321900e+00
4.126999859857759745e+00 3.771999864154164772e+00
3.836999737878780792e+00 3.752999931049994409e+00
4.208999996118635956e+00 3.779999938566270590e+00
3.954999791351994087e+00 3.762000119174148782e+00
3.899999941035487083e+00 3.759000056466097472e+00
4.120999734441656237e+00 3.776000040574264194e+00
4.031000080624861148e+00 3.769999915158161574e+00
4.261000062155185120e+00 3.785999785554280184e+00
3.964999814760103103e+00 3.764999903454107066e+00
4.053999911721037464e+00 3.771999864154164772e+00
3.801999934378492263e+00 3.754999880045997607e+00
3.862999910111101887e+00 3.759000056466097472e+00
4.242000129051014312e+00 3.785999785554280184e+00
4.286999955959412745e+00 3.790999797258334691e+00
3.974000002884257476e+00 3.769000079874206488e+00
4.117999950161698841e+00 3.780999773850225232e+00
4.201000200134623164e+00 3.788000012978376851e+00
4.304999775351533664e+00 3.795999808962389199e+00
3.897999992039483885e+00 3.769000079874206488e+00
4.258999834731088008e+00 3.795999808962389199e+00
4.295999865655473648e+00 3.799999985382489065e+00
4.227000093938850789e+00 3.794999973678434557e+00
3.871999819807162790e+00 3.770999750442116216e+00
3.779999938566270590e+00 3.764999903454107066e+00
3.899999941035487083e+00 3.772999977866212884e+00
3.776999875858219280e+00 3.766000017166155178e+00
3.967000042184199771e+00 3.778999824854222478e+00
3.914999976147650607e+00 3.776000040574264194e+00
4.175000027902301625e+00 3.795999808962389199e+00
4.295000030371518562e+00 3.804999997086543573e+00
4.206999768694538844e+00 3.798999871670440509e+00
3.933000073967865884e+00 3.779999938566270590e+00
4.256999885735084810e+00 3.803999883374495017e+00
4.192999847294423432e+00 3.799999985382489065e+00
3.854000000415040983e+00 3.776999875858219280e+00
3.984999861576321578e+00 3.785999785554280184e+00
4.254000101455127414e+00 3.805999832370498215e+00
3.969999826464157611e+00 3.788000012978376851e+00
3.964999814760103103e+00 3.788999848262331493e+00
4.215000121534738575e+00 3.806999946082546771e+00
4.258999834731088008e+00 3.809999730362504611e+00
4.265999795431145714e+00 3.811000122502646636e+00
3.773999813150167526e+00 3.778999824854222478e+00
4.072999844825207383e+00 3.799999985382489065e+00
3.757999664325955447e+00 3.783000001274321900e+00
3.813999906782604477e+00 3.788000012978376851e+00
4.183999937598362528e+00 3.815999855778607674e+00
4.276999932551302841e+00 3.823999651762620022e+00
4.313999963475688482e+00 3.825999879186716690e+00
4.269999971851245135e+00 3.822999816478665380e+00
4.310999622339543258e+00 3.825999879186716690e+00
4.265999795431145714e+00 3.823999651762620022e+00
4.019999943504703133e+00 3.805999832370498215e+00
3.885999741207278202e+00 3.796999922674437311e+00
4.283999893251360547e+00 3.826999714470671332e+00
3.762999954458103868e+00 3.791999910970382803e+00
4.251999874031030302e+00 3.825999879186716690e+00
3.884000070639368474e+00 3.801000099094537177e+00
4.199999807994481138e+00 3.822999816478665380e+00
3.891999866623380822e+00 3.801999934378492263e+00
3.788999848262331493e+00 3.794999973678434557e+00
3.992000100704472754e+00 3.811999957786601279e+00
4.018999829792655021e+00 3.815000020494652588e+00
3.887999968631374870e+00 3.806999946082546771e+00
4.277999767835257927e+00 3.835000067310871064e+00
3.739999844933834083e+00 3.798000036386485867e+00
4.017999994508700823e+00 3.816999691062562317e+00
4.124999910861756547e+00 3.825000043902762048e+00
3.905999788023496233e+00 3.812999793070555921e+00
3.749000033057988457e+00 3.803999883374495017e+00
3.879999894219268608e+00 3.815999855778607674e+00
3.788000012978376851e+00 3.809999730362504611e+00
3.908000015447592901e+00 3.818000083202704342e+00
3.784999950270325098e+00 3.809999730362504611e+00
4.234000054638908495e+00 3.842000028010928769e+00
3.974000002884257476e+00 3.823999651762620022e+00
3.923000050559756868e+00 3.820999867482662182e+00
4.181999988602359331e+00 3.840999914298880213e+00
3.940999869951878676e+00 3.825000043902762048e+00
3.861999796399053331e+00 3.821999981194710294e+00
3.992000100704472754e+00 3.830999890890771198e+00
4.236999838918866779e+00 3.849999823994941117e+00
3.977999900876263872e+00 3.832999839886774396e+00
3.972999889172208920e+00 3.833999953598822508e+00
4.087999601509276992e+00 3.843999977006931967e+00
4.117000114877743755e+00 3.846999761286889807e+00
4.243999799618924484e+00 3.855999949411044181e+00
4.080999640809219287e+00 3.845999926002935165e+00
3.967000042184199771e+00 3.837999851590828904e+00
3.914999976147650607e+00 3.835999902594825706e+00
3.906999901735544789e+00 3.835000067310871064e+00
4.237999674202820977e+00 3.858999733691002021e+00
3.885999741207278202e+00 3.835000067310871064e+00
3.776000040574264194e+00 3.828000106610813358e+00
4.247999976039023906e+00 3.861999796399053331e+00
3.864000023823149998e+00 3.835999902594825706e+00
4.327000049591848807e+00 3.868999757099111036e+00
3.722999860825666918e+00 3.826999714470671332e+00
3.712999837417557902e+00 3.826999714470671332e+00
4.331999782867810289e+00 3.870999984523207704e+00
4.227000093938850789e+00 3.864000023823149998e+00
4.316999747755646766e+00 3.870999984523207704e+00
4.216999792102647859e+00 3.864999859107105085e+00
4.334000010291906513e+00 3.875999717799168742e+00
4.340000135708010021e+00 3.877000109939310768e+00
3.899999941035487083e+00 3.846999761286889807e+00
4.301999991071576268e+00 3.874999882515214100e+00
4.322999873171749385e+00 3.877000109939310768e+00
4.249999925035027104e+00 3.871999819807162790e+00
4.088999993649419018e+00 3.860999961115098689e+00
3.937999807243826922e+00 3.852999886702992871e+00
3.982999912580318380e+00 3.855999949411044181e+00
4.352999943396076432e+00 3.884000070639368474e+00
4.309999787055589060e+00 3.881000007931317164e+00
3.917999760427608891e+00 3.852999886702992871e+00
3.832000004602819754e+00 3.848999988710986475e+00
4.282999779539312435e+00 3.881000007931317164e+00
4.037000206040963768e+00 3.862999910111101887e+00
3.766999852450109820e+00 3.846999761286889807e+00
4.098999738629435008e+00 3.869999870811159592e+00
4.104000028761583430e+00 3.871999819807162790e+00
3.792999746254337889e+00 3.850999937706989673e+00
3.711999723705509791e+00 3.845999926002935165e+00
3.742999907641885393e+00 3.848999988710986475e+00
3.821999981194710294e+00 3.854000000415040983e+00
4.170000016198247117e+00 3.881000007931317164e+00
3.706999990429548753e+00 3.849999823994941117e+00
4.004999908392539609e+00 3.870999984523207704e+00
3.887999968631374870e+00 3.862999910111101887e+00
4.203999984414581448e+00 3.885999741207278202e+00
3.756999829042000805e+00 3.854999835698995625e+00
4.179999761178263107e+00 3.884999905923323116e+00
3.752000095766039767e+00 3.855999949411044181e+00
4.315999912471691680e+00 3.895999764615387218e+00
4.183999937598362528e+00 3.891000031339426179e+00
4.177999812182259909e+00 3.891000031339426179e+00
4.019999943504703133e+00 3.881000007931317164e+00
3.754999880045997607e+00 3.862999910111101887e+00
3.893999815619384020e+00 3.872999933519210902e+00
4.301999991071576268e+00 3.903000003743538393e+00
4.140999781257875156e+00 3.893999815619384020e+00
3.920999823135660201e+00 3.877999945223265410e+00
4.197999858998477940e+00 3.897999992039483885e+00
3.967000042184199771e+00 3.881999843215271806e+00
4.158999879078089990e+00 3.895999764615387218e+00
4.306000167491675690e+00 3.906999901735544789e+00
4.260000226871230034e+00 3.903999839027493479e+00
4.339000021995961021e+00 3.910999799727551185e+00
3.871999819807162790e+00 3.877999945223265410e+00
4.090000107361468018e+00 3.893999815619384020e+00
3.681999931909275769e+00 3.867000086531201752e+00
4.051999962725034266e+00 3.891999866623380822e+00
3.957999854060045397e+00 3.885999741207278202e+00
3.975999951880260674e+00 3.888999803915329512e+00
3.683000045621323881e+00 3.869999870811159592e+00
4.227999929222805875e+00 3.908000015447592901e+00
3.985999975288369690e+00 3.891999866623380822e+00
4.261000062155185120e+00 3.911999913439599297e+00
3.690999841605336673e+00 3.872999933519210902e+00
3.997999669264388434e+00 3.893999815619384020e+00
4.234000054638908495e+00 3.911999913439599297e+00
4.056999974429088773e+00 3.898999827323438527e+00
3.983999747864273022e+00 3.893999815619384020e+00
4.241000015338966200e+00 3.913000027151647853e+00
4.008999806384546005e+00 3.896999878327435773e+00
4.354000057108125432e+00 3.923999885843711510e+00
4.231999827214812271e+00 3.917999760427608891e+00
3.923999885843711510e+00 3.896999878327435773e+00
3.732000048949821291e+00 3.884000070639368474e+00
4.320000088891791101e+00 3.926000113267808178e+00
4.020999778788658219e+00 3.904999952739541591e+00
4.017000159224745737e+00 3.904999952739541591e+00
3.999000061404530459e+00 3.903999839027493479e+00
3.855999949411044181e+00 3.894999929331432575e+00
4.039999990320922052e+00 3.908999850731547987e+00
3.777999989570267392e+00 3.891000031339426179e+00
4.300999877359528156e+00 3.928999897547766018e+00
4.013999818088600513e+00 3.908999850731547987e+00
3.861999796399053331e+00 3.899999941035487083e+00
3.798000036386485867e+00 3.896999878327435773e+00
4.098999738629435008e+00 3.918999874139657003e+00
3.725999923533718672e+00 3.894999929331432575e+00
3.720999911829664164e+00 3.894999929331432575e+00
4.236000003634911693e+00 3.930999846543769216e+00
4.342999919987967417e+00 3.940000034667923590e+00
3.895999764615387218e+00 3.908000015447592901e+00
4.302999826355531354e+00 3.937999807243826922e+00
3.718999962833660966e+00 3.896999878327435773e+00
3.882999678499226448e+00 3.908000015447592901e+00
4.077000021245306804e+00 3.921999936847708312e+00
4.302999826355531354e+00 3.940000034667923590e+00
4.073999680109161581e+00 3.923999885843711510e+00
3.915999811431605693e+00 3.914999976147650607e+00
3.864999859107105085e+00 3.911999913439599297e+00
3.936999971959872280e+00 3.917999760427608891e+00
4.323999708455704472e+00 3.946999995367981295e+00
3.705999876717500197e+00 3.903999839027493479e+00
3.969999826464157611e+00 3.920999823135660201e+00
3.762000119174148782e+00 3.908000015447592901e+00
4.250999760318982190e+00 3.941999705235833318e+00
3.757999664325955447e+00 3.908000015447592901e+00
4.334999845575861599e+00 3.948999665935891024e+00
3.996999833980433792e+00 3.924999721127666596e+00
4.251999874031030302e+00 3.945999881655933184e+00
4.309999787055589060e+00 3.950999893359987691e+00
3.715999900125609212e+00 3.914999976147650607e+00
3.668000010509160358e+00 3.911999913439599297e+00
3.732000048949821291e+00 3.916999925143653805e+00
3.842000028010928769e+00 3.924999721127666596e+00
4.242000129051014312e+00 3.954999791351994087e+00
3.982000077296363738e+00 3.936000136675917638e+00
4.188000114018462838e+00 3.951999728643942333e+00
4.362999688376092422e+00 3.964999814760103103e+00
4.060999872421095169e+00 3.943000097375975344e+00
4.247000140755069708e+00 3.957000018776090755e+00
4.090000107361468018e+00 3.945999881655933184e+00
3.781999887562273788e+00 3.924999721127666596e+00
3.860999961115098689e+00 3.930000011259814574e+00
4.156000094798131705e+00 3.950999893359987691e+00
3.965999928472151215e+00 3.938999920955875478e+00
4.359999904096134138e+00 3.968999991180202969e+00
4.022999727784661417e+00 3.943999932659929986e+00
4.374999939208298549e+00 3.969999826464157611e+00
4.223999752802705565e+00 3.959999803056048595e+00
3.749000033057988457e+00 3.927999783835717906e+00
4.100999687625438206e+00 3.952999842355990889e+00
4.272999756131203419e+00 3.965999928472151215e+00
3.835999902594825706e+00 3.936999971959872280e+00
4.173999635762160487e+00 3.960999916768096707e+00
3.968999991180202969e+00 3.946999995367981295e+00
4.256000050451129724e+00 3.967999877468154413e+00
4.013999818088600513e+00 3.950999893359987691e+00
4.072999844825207383e+00 3.954999791351994087e+00
3.766999852450109820e+00 3.933999909251820970e+00
4.234999889922863581e+00 3.968999991180202969e+00
3.882999678499226448e+00 3.944999767943884628e+00
3.698999916017442491e+00 3.933000073967865884e+00
3.906999901735544789e+00 3.946999995367981295e+00
3.878999780507220496e+00 3.945999881655933184e+00
3.665999783085063690e+00 3.933000073967865884e+00
3.778999824854222478e+00 3.940999869951878676e+00
4.083000146661410312e+00 3.962999865764099905e+00
3.857999898407047379e+00 3.946999995367981295e+00
4.268000022855242825e+00 3.976999787164215316e+00
3.733999997945824489e+00 3.940000034667923590e+00
4.300000042075573070e+00 3.979000014588311984e+00
4.163999890782144497e+00 3.968999991180202969e+00
3.874999882515214100e+00 3.948999665935891024e+00
4.335999959287909711e+00 3.982999912580318380e+00
4.073999680109161581e+00 3.965999928472151215e+00
4.008999806384546005e+00 3.962999865764099905e+00
4.229000042934853987e+00 3.979000014588311984e+00
4.317999861467694878e+00 3.985999975288369690e+00
3.778999824854222478e+00 3.947999830651936382e+00
4.306000167491675690e+00 3.985999975288369690e+00
4.068999668405107073e+00 3.968999991180202969e+00
3.752000095766039767e+00 3.947999830651936382e+00
3.812999793070555921e+00 3.951999728643942333e+00
3.735999946941827687e+00 3.947999830651936382e+00
4.336999794571864797e+00 3.992000100704472754e+00
4.165999839778147695e+00 3.979999849872266626e+00
3.789999961974379605e+00 3.954999791351994087e+00
3.739000009649878997e+00 3.951999728643942333e+00
3.717999849121612410e+00 3.950999893359987691e+00
3.930999846543769216e+00 3.965999928472151215e+00
4.004999908392539609e+00 3.971999775460160809e+00
3.872999933519210902e+00 3.962999865764099905e+00
4.086999766225322794e+00 3.979000014588311984e+00
3.710999888421554704e+00 3.953999956068039001e+00
3.820999867482662182e+00 3.961999752052051793e+00
4.183999937598362528e+00 3.987999924284372888e+00
3.917999760427608891e+00 3.968999991180202969e+00
3.997999669264388434e+00 3.974999838168212118e+00
3.747999919345939901e+00 3.958999967772093509e+00
3.666999896797111802e+00 3.954999791351994087e+00
3.746999805633891789e+00 3.961999752052051793e+00
4.268999858139197023e+00 3.999000061404530459e+00
4.241000015338966200e+00 3.996999833980433792e+00
3.786999899266328296e+00 3.965999928472151215e+00
4.056999974429088773e+00 3.984999861576321578e+00
4.361999853092137336e+00 4.007999692672497893e+00
3.687999778897284919e+00 3.960999916768096707e+00
4.209999831402590154e+00 3.996999833980433792e+00
3.745999970349936703e+00 3.965999928472151215e+00
4.006000022104587721e+00 3.983999747864273022e+00
4.229999878218809073e+00 4.000999731972440188e+00
3.802999769662446905e+00 3.970999940176206167e+00
3.825999879186716690e+00 3.972999889172208920e+00
4.158999879078089990e+00 3.996999833980433792e+00
4.028999574772671011e+00 3.987999924284372888e+00
4.366000029512237646e+00 4.012999982804645427e+00
4.173999635762160487e+00 4.001999845684488299e+00
3.754999880045997607e+00 3.974000002884257476e+00
3.892999701907335908e+00 3.984999861576321578e+00
4.279999995259355039e+00 4.013999818088600513e+00
4.117999950161698841e+00 4.002999680968443386e+00
3.994999884984430594e+00 3.994999884984430594e+00
4.098999738629435008e+00 4.004000073108585411e+00
3.891000031339426179e+00 3.989999873280376086e+00
3.795999808962389199e+00 3.983999747864273022e+00
4.019999943504703133e+00 3.999000061404530459e+00
3.969999826464157611e+00 3.997999669264388434e+00
4.352999943396076432e+00 4.029999966912813036e+00
3.862999910111101887e+00 3.994999884984430594e+00
4.350999715971980208e+00 4.031000080624861148e+00
3.819999753770613626e+00 3.994999884984430594e+00
3.656999873389002786e+00 3.985999975288369690e+00
3.776000040574264194e+00 3.993999771272382038e+00
3.943000097375975344e+00 4.006000022104587721e+00
3.851999772990944315e+00 3.999999896688485101e+00
4.234000054638908495e+00 4.031999915908816234e+00
4.017000159224745737e+00 4.015999767084603711e+00
3.727000037245766784e+00 3.997999669264388434e+00
4.242999964334969398e+00 4.033999864904818544e+00
4.329999833871807091e+00 4.040999825604876250e+00
3.774999926862216082e+00 4.001999845684488299e+00
3.705999876717500197e+00 3.999000061404530459e+00
3.999000061404530459e+00 4.019999943504703133e+00
3.760999727034007201e+00 4.004999908392539609e+00
3.968999991180202969e+00 4.019999943504703133e+00
3.693999904313387983e+00 4.000999731972440188e+00
3.940999869951878676e+00 4.017999994508700823e+00
4.056000139145133687e+00 4.026999904204760838e+00
4.117999950161698841e+00 4.031000080624861148e+00
4.039999990320922052e+00 4.025999790492712727e+00
4.104000028761583430e+00 4.031000080624861148e+00
4.006000022104587721e+00 4.024000119924803442e+00
3.717000013837657768e+00 4.004999908392539609e+00
3.870999984523207704e+00 4.017999994508700823e+00
4.370999762788198240e+00 4.053999911721037464e+00
4.065000048841194591e+00 4.031000080624861148e+00
3.961999752052051793e+00 4.024000119924803442e+00
3.950000058076033049e+00 4.024000119924803442e+00
3.661000049809102652e+00 4.004999908392539609e+00
4.078999970241310002e+00 4.033999864904818544e+00
4.250999760318982190e+00 4.048999621588889042e+00
4.107999648325495912e+00 4.038999876608873940e+00
4.166999675062102781e+00 4.044000166741021474e+00
4.289999740239370141e+00 4.053999911721037464e+00
4.209999831402590154e+00 4.047999786304933956e+00
4.318999696751649076e+00 4.058000088141136885e+00
3.987999924284372888e+00 4.035999535472728716e+00
4.188000114018462838e+00 4.050000013729031068e+00
3.874999882515214100e+00 4.028999574772671011e+00
4.018999829792655021e+00 4.039999990320922052e+00
3.805999832370498215e+00 4.025999790492712727e+00
3.950999893359987691e+00 4.035999535472728716e+00
4.074999793821210581e+00 4.045999837308930758e+00
3.969999826464157611e+00 4.038999876608873940e+00
3.965999928472151215e+00 4.038999876608873940e+00
4.065999884125149677e+00 4.045999837308930758e+00
4.015999767084603711e+00 4.043000053028973362e+00
4.363999802088140534e+00 4.070000060545249099e+00
3.677999755489175904e+00 4.021999614072613305e+00
4.334000010291906513e+00 4.068999668405107073e+00
3.719999798117615608e+00 4.025999790492712727e+00
4.361000017808183138e+00 4.072000009541252297e+00
3.924999721127666596e+00 4.040999825604876250e+00
3.780999773850225232e+00 4.031999915908816234e+00
4.051000127441079179e+00 4.051000127441079179e+00
3.749000033057988457e+00 4.031000080624861148e+00
4.104999864045537628e+00 4.056000139145133687e+00
4.286999955959412745e+00 4.070000060545249099e+00
3.864999859107105085e+00 4.040999825604876250e+00
3.747999919345939901e+00 4.033999864904818544e+00
4.038999876608873940e+00 4.053999911721037464e+00
3.785999785554280184e+00 4.037000206040963768e+00
3.679999982913272571e+00 4.029999966912813036e+00
4.100999687625438206e+00 4.058999923425091971e+00
4.117999950161698841e+00 4.060999872421095169e+00
4.254999936739081612e+00 4.070999895829204185e+00
4.093999726925380500e+00 4.058999923425091971e+00
4.104000028761583430e+00 4.059999758709046169e+00
4.293000081375515364e+00 4.077999856529261891e+00
3.931999681827724302e+00 4.051999962725034266e+00
3.703000092437542357e+00 4.037000206040963768e+00
4.083999981945364510e+00 4.063000099845191393e+00
3.688999892609333475e+00 4.037000206040963768e+00
4.193999682578378518e+00 4.072999844825207383e+00
3.933000073967865884e+00 4.056000139145133687e+00
4.258999834731088008e+00 4.079999805525265089e+00
3.802999769662446905e+00 4.047999786304933956e+00
4.328999998587852005e+00 4.085999930941367708e+00
3.803999883374495017e+00 4.048999621588889042e+00
4.056000139145133687e+00 4.066999719409103875e+00
4.224999866514754565e+00 4.079999805525265089e+00
4.024000119924803442e+00 4.065999884125149677e+00
4.131999871561814253e+00 4.073999680109161581e+00
3.792999746254337889e+00 4.051999962725034266e+00
4.039999990320922052e+00 4.068999668405107073e+00
4.029999966912813036e+00 4.070000060545249099e+00
3.931999681827724302e+00 4.063999935129146479e+00
4.056999974429088773e+00 4.072999844825207383e+00
4.247000140755069708e+00 4.086999766225322794e+00
3.933999909251820970e+00 4.066999719409103875e+00
4.361000017808183138e+00 4.097999903345479922e+00
4.059999758709046169e+00 4.076000185961352607e+00
3.694999739597342625e+00 4.052999798008988463e+00
3.992000100704472754e+00 4.073999680109161581e+00
3.837999851590828904e+00 4.063000099845191393e+00
4.238999787914869977e+00 4.091999777929377302e+00
3.783000001274321900e+00 4.059999758709046169e+00
3.903999839027493479e+00 4.068999668405107073e+00
3.832999839886774396e+00 4.065000048841194591e+00
4.311999736051591370e+00 4.099999852341483120e+00
4.345999982696018726e+00 4.103000193477628343e+00
3.688999892609333475e+00 4.056999974429088773e+00
3.786999899266328296e+00 4.063999935129146479e+00
4.204999819698535646e+00 4.093999726925380500e+00
4.223999752802705565e+00 4.097000068061525724e+00
3.995999998696479150e+00 4.079999805525265089e+00
3.882999678499226448e+00 4.073999680109161581e+00
3.848999988710986475e+00 4.072000009541252297e+00
3.658999822385005984e+00 4.059999758709046169e+00
3.926000113267808178e+00 4.077999856529261891e+00
4.185999886594365726e+00 4.097000068061525724e+00
3.926999948551763264e+00 4.078999970241310002e+00
4.092999891641425414e+00 4.092999891641425414e+00
4.058000088141136885e+00 4.091999777929377302e+00
4.243999799618924484e+00 4.105999977757586628e+00
4.328999998587852005e+00 4.113999773741598531e+00
4.309999787055589060e+00 4.114999609025553617e+00
3.936999971959872280e+00 4.088999993649419018e+00
3.835000067310871064e+00 4.083999981945364510e+00
4.208000160834680869e+00 4.110000154177686049e+00
4.317999861467694878e+00 4.118999785445653039e+00
4.211999780398593352e+00 4.113999773741598531e+00
3.740999958645882195e+00 4.081999754521268287e+00
3.701999700297400331e+00 4.078999970241310002e+00
3.945999881655933184e+00 4.095999954349476724e+00
4.307999838059585862e+00 4.122000126581798263e+00
3.740999958645882195e+00 4.081999754521268287e+00
4.000999731972440188e+00 4.102000079765580232e+00
3.913000027151647853e+00 4.095999954349476724e+00
4.251999874031030302e+00 4.122999961865753349e+00
3.806999946082546771e+00 4.091999777929377302e+00
3.855999949411044181e+00 4.094999562209334698e+00
3.822999816478665380e+00 4.092999891641425414e+00
3.926999948551763264e+00 4.103000193477628343e+00
3.895999764615387218e+00 4.103000193477628343e+00
4.318999696751649076e+00 4.133999820557817451e+00
3.878999780507220496e+00 4.104000028761583430e+00
4.281000108971403151e+00 4.132999706845768451e+00
3.992999935988427396e+00 4.111999824745595333e+00
4.214000007822690463e+00 4.129000087281855969e+00
4.107999648325495912e+00 4.120999734441656237e+00
3.755999993758046163e+00 4.097999903345479922e+00
4.192999847294423432e+00 4.129000087281855969e+00
4.251999874031030302e+00 4.132999706845768451e+00
4.056000139145133687e+00 4.119999899157702039e+00
3.930999846543769216e+00 4.113999773741598531e+00
3.936000136675917638e+00 4.114999609025553617e+00
3.704999763005452085e+00 4.100999687625438206e+00
4.229999878218809073e+00 4.137999996977916872e+00
4.334000010291906513e+00 4.145999792961929664e+00
3.778999824854222478e+00 4.105999977757586628e+00
4.241000015338966200e+00 4.138999832261871958e+00
3.691999955317384785e+00 4.102000079765580232e+00
4.349999880688025122e+00 4.149000134098074000e+00
4.193999682578378518e+00 4.137999996977916872e+00
3.763999789742058510e+00 4.107999648325495912e+00
3.989000037996421444e+00 4.124000075577801461e+00
4.124999910861756547e+00 4.132999706845768451e+00
3.678999869201224016e+00 4.103000193477628343e+00
4.245999748614927682e+00 4.143000008681971380e+00
3.957999854060045397e+00 4.124000075577801461e+00
3.921999936847708312e+00 4.124000075577801461e+00
3.792999746254337889e+00 4.116000001165695643e+00
3.783999836558276986e+00 4.117999950161698841e+00
3.845999926002935165e+00 4.124000075577801461e+00
4.313999963475688482e+00 4.157999765366041878e+00
3.955999905064042199e+00 4.131999871561814253e+00
3.952999842355990889e+00 4.132999706845768451e+00
3.943000097375975344e+00 4.131999871561814253e+00
4.021999614072613305e+00 4.137999996977916872e+00
4.306000167491675690e+00 4.158999879078089990e+00
4.232999662498766469e+00 4.153999588945941568e+00
4.131000036277859166e+00 4.147999741957932862e+00
4.308999951771633974e+00 4.161999941786141299e+00
4.188000114018462838e+00 4.152999753661987370e+00
3.729999821525724624e+00 4.122000126581798263e+00
3.854000000415040983e+00 4.132999706845768451e+00
4.257999721019039896e+00 4.163000055498189411e+00
4.132999706845768451e+00 4.153999588945941568e+00
4.105999977757586628e+00 4.151999918378032284e+00
4.218999741098651057e+00 4.160999549645999274e+00
4.322999873171749385e+00 4.170000016198247117e+00
3.727000037245766784e+00 4.129000087281855969e+00
4.181000153318405133e+00 4.161999941786141299e+00
3.928999897547766018e+00 4.143999843965926466e+00
4.129999922565811055e+00 4.157999765366041878e+00
3.701999700297400331e+00 4.129000087281855969e+00
3.708999939425551506e+00 4.131000036277859166e+00
4.157999765366041878e+00 4.161999941786141299e+00
3.723999974537715474e+00 4.132999706845768451e+00
4.118999785445653039e+00 4.159999714362045076e+00
4.329999833871807091e+00 4.176999976898304823e+00
4.250999760318982190e+00 4.171999686766157289e+00
4.061999707705049367e+00 4.157999765366041878e+00
3.910999799727551185e+00 4.147999741957932862e+00
3.848999988710986475e+00 4.144999957677974578e+00
4.307000002775630776e+00 4.177999812182259909e+00
4.215999956818693661e+00 4.171999686766157289e+00
3.999000061404530459e+00 4.156999930082086792e+00
3.671999908501166310e+00 4.136000047981913674e+00
3.968999991180202969e+00 4.156000094798131705e+00
3.844999812290886609e+00 4.146999628245883862e+00
4.051999962725034266e+00 4.161999941786141299e+00
3.957000018776090755e+00 4.156000094798131705e+00
4.063000099845191393e+00 4.165999839778147695e+00
3.676999920205221262e+00 4.139999667545826156e+00
4.081999754521268287e+00 4.168000067202243919e+00
4.170999851482202203e+00 4.175000027902301625e+00
3.867999921815156394e+00 4.153999588945941568e+00
4.289999740239370141e+00 4.183999937598362528e+00
4.288999904955415943e+00 4.184999772882317615e+00
3.941999705235833318e+00 4.159999714362045076e+00
3.951999728643942333e+00 4.160999549645999274e+00
4.216999792102647859e+00 4.181000153318405133e+00
3.826999714470671332e+00 4.153999588945941568e+00
4.067999833121152875e+00 4.171999686766157289e+00
3.811000122502646636e+00 4.153999588945941568e+00
3.771999864154164772e+00 4.151999918378032284e+00
4.129000087281855969e+00 4.176999976898304823e+00
3.969999826464157611e+00 4.166999675062102781e+00
3.940000034667923590e+00 4.164999726066099583e+00
4.203999984414581448e+00 4.185999886594365726e+00
4.217999905814696859e+00 4.186999721878320813e+00
3.724999809821670116e+00 4.154999981086083594e+00
3.832000004602819754e+00 4.161999941786141299e+00
3.933000073967865884e+00 4.170000016198247117e+00
4.131000036277859166e+00 4.183999937598362528e+00
4.279999995259355039e+00 4.195000074718520544e+00
4.086999766225322794e+00 4.181999988602359331e+00
3.855999949411044181e+00 4.165999839778147695e+00
3.752000095766039767e+00 4.159999714362045076e+00
3.784999950270325098e+00 4.161999941786141299e+00
3.944999767943884628e+00 4.175000027902301625e+00
3.809999730362504611e+00 4.164999726066099583e+00
4.318999696751649076e+00 4.202000035418578250e+00
3.882999678499226448e+00 4.170999851482202203e+00
4.104000028761583430e+00 4.188000114018462838e+00
4.179999761178263107e+00 4.193999682578378518e+00
3.835000067310871064e+00 4.170000016198247117e+00
4.086999766225322794e+00 4.188000114018462838e+00
4.131999871561814253e+00 4.190999898298420234e+00
3.881999843215271806e+00 4.173999635762160487e+00
4.153999588945941568e+00 4.193999682578378518e+00
4.085999930941367708e+00 4.190000063014466036e+00
4.222999917518751367e+00 4.201000200134623164e+00
4.044000166741021474e+00 4.188000114018462838e+00
4.247999976039023906e+00 4.203999984414581448e+00
4.056999974429088773e+00 4.190000063014466036e+00
3.888999803915329512e+00 4.178999925894308021e+00
4.013999818088600513e+00 4.186999721878320813e+00
4.224999866514754565e+00 4.202999870702532448e+00
4.190999898298420234e+00 4.199999807994481138e+00
4.234999889922863581e+00 4.203999984414581448e+00
3.786999899266328296e+00 4.172999800478205401e+00
3.805999832370498215e+00 4.173999635762160487e+00
3.801999934378492263e+00 4.176000141614350625e+00
4.285999563819270719e+00 4.210999945114639154e+00
3.837999851590828904e+00 4.179999761178263107e+00
3.718999962833660966e+00 4.176000141614350625e+00
3.936999971959872280e+00 4.190999898298420234e+00
3.854999835698995625e+00 4.184999772882317615e+00
4.154999981086083594e+00 4.205999654982490732e+00
4.068999668405107073e+00 4.201000200134623164e+00
3.836999737878780792e+00 4.184999772882317615e+00
3.921999936847708312e+00 4.190999898298420234e+00
4.119999899157702039e+00 4.205999654982490732e+00
4.034999700188773630e+00 4.199999807994481138e+00
3.784999950270325098e+00 4.183000102314408331e+00
3.970999940176206167e+00 4.195999910002474742e+00
3.864000023823149998e+00 4.188999949302417036e+00
3.903000003743538393e+00 4.191999733582375320e+00
3.843999977006931967e+00 4.188999949302417036e+00
4.111999824745595333e+00 4.208999996118635956e+00
3.770999750442116216e+00 4.185999886594365726e+00
4.236000003634911693e+00 4.219999576382606143e+00
3.828000106610813358e+00 4.191999733582375320e+00
4.138999832261871958e+00 4.214000007822690463e+00
4.190999898298420234e+00 4.217999905814696859e+00
4.083999981945364510e+00 4.210999945114639154e+00
4.236000003634911693e+00 4.222000082234796281e+00
4.211999780398593352e+00 4.220999968522748169e+00
3.846999761286889807e+00 4.197000023714523742e+00
4.285999563819270719e+00 4.229000042934853987e+00
3.813999906782604477e+00 4.195000074718520544e+00
4.219999576382606143e+00 4.224999866514754565e+00
3.901000054747535195e+00 4.202000035418578250e+00
4.114999609025553617e+00 4.218999741098651057e+00
3.789999961974379605e+00 4.197000023714523742e+00
4.066999719409103875e+00 4.216999792102647859e+00
4.004000073108585411e+00 4.214000007822690463e+00
3.849999823994941117e+00 4.202999870702532448e+00
3.746999805633891789e+00 4.197000023714523742e+00
3.783999836558276986e+00 4.201000200134623164e+00
3.825999879186716690e+00 4.204999819698535646e+00
4.152999753661987370e+00 4.227999929222805875e+00
4.086999766225322794e+00 4.223999752802705565e+00
3.744999856637888591e+00 4.202000035418578250e+00
3.788999848262331493e+00 4.204999819698535646e+00
4.222000082234796281e+00 4.236000003634911693e+00
4.229999878218809073e+00 4.236999838918866779e+00
4.122999961865753349e+00 4.229000042934853987e+00
4.095999954349476724e+00 4.227999929222805875e+00
3.705999876717500197e+00 4.202000035418578250e+00
4.236000003634911693e+00 4.239999623198824175e+00
3.832000004602819754e+00 4.211999780398593352e+00
3.919999987851705558e+00 4.219999576382606143e+00
3.740999958645882195e+00 4.209999831402590154e+00
4.025999790492712727e+00 4.229999878218809073e+00
3.944999767943884628e+00 4.227999929222805875e+00
4.195999910002474742e+00 4.245999748614927682e+00
4.225999701798708763e+00 4.249000089751072018e+00
4.031000080624861148e+00 4.236000003634911693e+00
3.954999791351994087e+00 4.229999878218809073e+00
3.721999747113618806e+00 4.215000121534738575e+00
3.915999811431605693e+00 4.227999929222805875e+00
4.249999925035027104e+00 4.254999936739081612e+00
3.789999961974379605e+00 4.222000082234796281e+00
4.256000050451129724e+00 4.254999936739081612e+00
3.923999885843711510e+00 4.232999662498766469e+00
4.132999706845768451e+00 4.247999976039023906e+00
4.176000141614350625e+00 4.251999874031030302e+00
3.837999851590828904e+00 4.229999878218809073e+00
4.032999751192770432e+00 4.242999964334969398e+00
4.061999707705049367e+00 4.244999913330972596e+00
4.154999981086083594e+00 4.254000101455127414e+00
4.168999902486199005e+00 4.254999936739081612e+00
3.747999919345939901e+00 4.224999866514754565e+00
3.791999910970382803e+00 4.229999878218809073e+00
4.051999962725034266e+00 4.249000089751072018e+00
3.739000009649878997e+00 4.227999929222805875e+00
3.901999890031490281e+00 4.241000015338966200e+00
4.129999922565811055e+00 4.256999885735084810e+00
3.904999952739541591e+00 4.241000015338966200e+00
4.217999905814696859e+00 4.263999846435142516e+00
4.256999885735084810e+00 4.268000022855242825e+00
3.969999826464157611e+00 4.247999976039023906e+00
3.739000009649878997e+00 4.232999662498766469e+00
4.035999535472728716e+00 4.254000101455127414e+00
3.825000043902762048e+00 4.241000015338966200e+00
3.860999961115098689e+00 4.242999964334969398e+00
4.006999857388542807e+00 4.254000101455127414e+00
4.083999981945364510e+00 4.261000062155185120e+00
3.909999964443596099e+00 4.249000089751072018e+00
4.020999778788658219e+00 4.256999885735084810e+00
4.208000160834680869e+00 4.269999971851245135e+00
4.217999905814696859e+00 4.271999642419155307e+00
3.961999752052051793e+00 4.252999709314985388e+00
3.798999871670440509e+00 4.242999964334969398e+00
4.231999827214812271e+00 4.274999983555300531e+00
3.878999780507220496e+00 4.250999760318982190e+00
3.933000073967865884e+00 4.256999885735084810e+00
4.094999562209334698e+00 4.268999858139197023e+00
4.056000139145133687e+00 4.268000022855242825e+00
3.980999963584315182e+00 4.261999897439139318e+00
4.229999878218809073e+00 4.281000108971403151e+00
4.237999674202820977e+00 4.281000108971403151e+00
3.979000014588311984e+00 4.263000011151187429e+00
3.808000059794594883e+00 4.250999760318982190e+00
3.957999854060045397e+00 4.261999897439139318e+00
4.243999799618924484e+00 4.284999728535315633e+00
3.755999993758046163e+00 4.249999925035027104e+00
3.838999965302877460e+00 4.256999885735084810e+00
3.864000023823149998e+00 4.258999834731088008e+00
3.762999954458103868e+00 4.251999874031030302e+00
3.957000018776090755e+00 4.265999795431145714e+00
4.139999667545826156e+00 4.279999995259355039e+00
3.931999681827724302e+00 4.264999681719097602e+00
3.901999890031490281e+00 4.263000011151187429e+00
3.781999887562273788e+00 4.256000050451129724e+00
3.986999810572324332e+00 4.270999807135200221e+00
4.019999943504703133e+00 4.272999756131203419e+00
4.135000212697958588e+00 4.283999893251360547e+00
3.801999934378492263e+00 4.261000062155185120e+00
4.008999806384546005e+00 4.276999932551302841e+00
4.203999984414581448e+00 4.290999853951418253e+00
4.234000054638908495e+00 4.293999916659470450e+00
3.905999788023496233e+00 4.271999642419155307e+00
3.976999787164215316e+00 4.276999932551302841e+00
4.031999915908816234e+00 4.281999944255358237e+00
4.095999954349476724e+00 4.288000069671460857e+00
3.903000003743538393e+00 4.274999983555300531e+00
3.975999951880260674e+00 4.282999779539312435e+00
4.209999831402590154e+00 4.301999991071576268e+00
4.120999734441656237e+00 4.295000030371518562e+00
3.974999838168212118e+00 4.284999728535315633e+00
4.192999847294423432e+00 4.301999991071576268e+00
3.798000036386485867e+00 4.274999983555300531e+00
4.085999930941367708e+00 4.295999865655473648e+00
4.197999858998477940e+00 4.304999775351533664e+00
3.780999773850225232e+00 4.277999767835257927e+00
3.997999669264388434e+00 4.293999916659470450e+00
4.175000027902301625e+00 4.307999838059585862e+00
4.151999918378032284e+00 4.307999838059585862e+00
3.996999833980433792e+00 4.296999700939427846e+00
4.091999777929377302e+00 4.306000167491675690e+00
3.818000083202704342e+00 4.286999955959412745e+00
3.989999873280376086e+00 4.298999649935431044e+00
4.018999829792655021e+00 4.301999991071576268e+00
3.857999898407047379e+00 4.291999689235373339e+00
4.185999886594365726e+00 4.315999912471691680e+00
3.891000031339426179e+00 4.295000030371518562e+00
4.112999938457644333e+00 4.310999622339543258e+00
3.884000070639368474e+00 4.296999700939427846e+00
4.122000126581798263e+00 4.315999912471691680e+00
4.065999884125149677e+00 4.315000077187736593e+00
3.894999929331432575e+00 4.302999826355531354e+00
3.871999819807162790e+00 4.303999661639485552e+00
3.936000136675917638e+00 4.308999951771633974e+00
3.852999886702992871e+00 4.303999661639485552e+00
4.154999981086083594e+00 4.327999884875803893e+00
4.131999871561814253e+00 4.327000049591848807e+00
4.179999761178263107e+00 4.335999959287909711e+00
3.805999832370498215e+00 4.308999951771633974e+00
3.984999861576321578e+00 4.322000037887794299e+00
4.160999549645999274e+00 4.334999845575861599e+00
4.039999990320922052e+00 4.327000049591848807e+00
4.104000028761583430e+00 4.333000175007952315e+00
3.910999799727551185e+00 4.320000088891791101e+00
3.983999747864273022e+00 4.327999884875803893e+00
4.129000087281855969e+00 4.340000135708010021e+00
3.982999912580318380e+00 4.329999833871807091e+00
4.093999726925380500e+00 4.340999970991964219e+00
4.006000022104587721e+00 4.339000021995961021e+00
4.004999908392539609e+00 4.341999806275919305e+00
4.037000206040963768e+00 4.345999982696018726e+00
4.025999790492712727e+00 4.347999931692021924e+00
3.958999967772093509e+00 4.343999755271922503e+00
3.878999780507220496e+00 4.340000135708010021e+00
3.933999909251820970e+00 4.344999590555877589e+00
4.095999954349476724e+00 4.356999841388082828e+00
4.117999950161698841e+00 4.359000068812179940e+00
4.043000053028973362e+00 4.356999841388082828e+00
3.919999987851705558e+00 4.349999880688025122e+00
3.886999854919326314e+00 4.347999931692021924e+00
3.919999987851705558e+00 4.350999715971980208e+00
4.032999751192770432e+00 4.359000068812179940e+00
3.877999945223265410e+00 4.348999766975977010e+00
4.104000028761583430e+00 4.364999637372095620e+00
3.906999901735544789e+00 4.357999676672037914e+00
3.983999747864273022e+00 4.372999990212295351e+00
4.018999829792655021e+00 4.375999774492252747e+00
4.371169620608747586e+00 3.970852071617882562e+00
3.972268073102428687e+00 4.101363498783487493e+00
3.823747798144800925e+00 4.127087190012941775e+00
4.148333947966849067e+00 4.038385584216823254e+00
4.250229697268259166e+00 4.015390927870665649e+00
4.170135490588857685e+00 4.017280768731651186e+00
4.222785222935897309e+00 4.039653283331957390e+00
4.093170624361838428e+00 4.062181976356510127e+00
4.319045602130461070e+00 3.983974410061509541e+00
3.841723224066713627e+00 4.139922413266774015e+00
4.227778522660682547e+00 4.010215445075261620e+00
3.866312301393607154e+00 4.121125370888538697e+00
3.834781445590982329e+00 4.133224630940601330e+00
4.171299069408559212e+00 4.022714870192261039e+00
3.900726839425872061e+00 4.103747977650914258e+00
4.367067707775755814e+00 3.979188871225550983e+00
3.784041311982324629e+00 4.137017934615553116e+00
4.264094919948969498e+00 4.000160597781041716e+00
4.238671740785059150e+00 4.011585042264536938e+00
4.196153771616167205e+00 4.020100077630305968e+00
3.693757384880192784e+00 4.155021684305010510e+00
3.779595962730206260e+00 4.137075587497195173e+00
4.216647573330029708e+00 4.018776571436815104e+00
4.065734229455975957e+00 4.075491110773866055e+00
3.890375182339855797e+00 4.113906000048626943e+00
3.885278322207645907e+00 4.129649646657168383e+00
3.867836083491138499e+00 4.115540718794553854e+00
4.002583054866850176e+00 4.085706993322880898e+00
3.961802327201074281e+00 4.086516125930915067e+00
3.697721014704107301e+00 4.169060593762897504e+00
4.044353096089464472e+00 4.077914533208192083e+00
3.961061158306995011e+00 4.096788959258536700e+00
3.811703662742677245e+00 4.124810651708082254e+00
3.870430394722708112e+00 4.112279812465716944e+00
4.356505753371886058e+00 3.979914346309914031e+00
4.360720066206748236e+00 3.977057526110348906e+00
4.252874225041040290e+00 4.014925606862689733e+00
4.086403232839837862e+00 4.054120317924845729e+00
4.164210622175859910e+00 4.023883721192505369e+00
4.123851121223291116e+00 4.067557551822240214e+00
3.796065140517495440e+00 4.143446751842323472e+00
3.993942770124916386e+00 4.080411407332119822e+00
4.150407146794495183e+00 4.041230573861390063e+00
3.755867967788879103e+00 4.128061752778440230e+00
3.774161110613644787e+00 4.133702664372574276e+00
3.866867634204509852e+00 4.111435867610289563e+00
3.737869362999917566e+00 4.160783873065920346e+00
4.301223548761827331e+00 3.975994995567323720e+00
3.839996196364363179e+00 4.104886191372036031e+00
4.111316732057317402e+00 4.043175006205784072e+00
4.296509367702787685e+00 3.978038277437252468e+00
3.968752330159397435e+00 4.091892961729705291e+00
3.971035448128225287e+00 4.087100230662692901e+00
3.704818443860784516e+00 4.147893244606232876e+00
4.365901918600179066e+00 3.958726170680306300e+00
4.194622132177901364e+00 4.014412159254364454e+00
4.083321349118296695e+00 4.045895622788331814e+00
4.022997098898501100e+00 4.091488281796793025e+00
4.017595004292696004e+00 4.079388095956807625e+00
3.748777325867944210e+00 4.145468219256994935e+00
4.092240935035063032e+00 4.062171691811503393e+00
4.338373848855660242e+00 3.981165969971367069e+00
3.849538304967819791e+00 4.117601727758915864e+00
4.246458193861856856e+00 4.007753833933310084e+00
4.317785484724137923e+00 3.986311648920160433e+00
4.246810061273513348e+00 4.010461503489234580e+00
3.719848008351042790e+00 4.171009407078654085e+00
4.259508212765237722e+00 3.995428679497293967e+00
3.769221732994424645e+00 4.153352587508403637e+00
3.685577210839501294e+00 4.140536083049075167e+00
3.858743188241459343e+00 4.125718037565219376e+00
4.204715987306194336e+00 4.016623333792558981e+00
3.835907520453444075e+00 4.130580388179215134e+00
4.274974664391091750e+00 4.009081038810999864e+00
4.111438577248172521e+00 4.062106272614199654e+00
3.986403593378432753e+00 4.092799611351801481e+00
4.166713399364456727e+00 4.033551345584665881e+00
3.966603784496811613e+00 4.088180113384416892e+00
4.321756270456267757e+00 3.953406265116652829e+00
4.012267159642989967e+00 4.071965105992228828e+00
4.298721991206351234e+00 3.980103612277087421e+00
3.939094132266457216e+00 4.103406853764044016e+00
3.866738598074022981e+00 4.114242266284946048e+00
3.982159089486699166e+00 4.073439880566740889e+00
3.879469899340761696e+00 4.126564278059754898e+00
4.031422227000978076e+00 4.062113264944849256e+00
4.025944857363585427e+00 4.073149316871603531e+00
3.703273723213858393e+00 4.154326126837668554e+00
4.307286654134070858e+00 3.997351197122462452e+00
3.813631155912182269e+00 4.138736868320830098e+00
3.785020631858863283e+00 4.124927245443645418e+00
3.784497949851364673e+00 4.138791172369829852e+00
4.032648969521555493e+00 4.078757087866764053e+00
4.063177983606363064e+00 4.070137759152388846e+00
4.153863387438226695e+00 4.053026678184601828e+00
4.239521763191254955e+00 4.014105111309499208e+00
4.119008920562593268e+00 4.033673151074712138e+00
3.844451991516932399e+00 4.123521884458502207e+00
4.365946669169434635e+00 3.974299649139966473e+00
4.086334474515913584e+00 4.063587589674389378e+00
3.722464047899050943e+00 4.157384843448531875e+00
3.873270716739943165e+00 4.116469118750032408e+00
3.795289837546222955e+00 4.125367986784337582e+00
4.228122691278025869e+00 4.014074833141997090e+00
4.052250408388610836e+00 4.054028917430247070e+00
4.110529221712879711e+00 4.033516305563760618e+00
3.809230507969329160e+00 4.129408057216908290e+00
3.974877341364629224e+00 4.076963095581898955e+00
4.179481540484861313e+00 4.055666282005815582e+00
4.144789011155773473e+00 4.030601048190014524e+00
4.308661766661254333e+00 3.988337490833338439e+00
3.877633269422327444e+00 4.121741258496288474e+00
3.695564687356185374e+00 4.156921348312672571e+00
4.286034393877619308e+00 3.999577785973645216e+00
3.999259780453282787e+00 4.092501597597852481e+00
3.753931659861726278e+00 4.158158847688433468e+00
4.126882770664371591e+00 4.044850963143512779e+00
4.053237462627434340e+00 4.088628618284645633e+00
4.372834160531633430e+00 3.956158803832478643e+00
3.843269067621227553e+00 4.139219943509909960e+00
3.947885878895380340e+00 4.108649826671503469e+00
4.374940029487778048e+00 3.973595231724261101e+00
4.169598390757138340e+00 4.028972612671420706e+00
4.361107657301103835e+00 3.953464534271696085e+00
3.811170326654440554e+00 4.142721846557964938e+00
3.827773884893682421e+00 4.148379973753945293e+00
3.737370792362586513e+00 4.149170951356073722e+00
3.830519699176193615e+00 4.123357471624087722e+00
4.173979799141988245e+00 4.051483075598426353e+00
